3 2.42857 2.4 2.43056 2.39459 2.62366 2.66895 2.72136 2.78884 2.83796 2.87735 2.88381 2.88977 2.92285 2.92569 2.86417 2.78144 2.68684 2.62507 2.49403 2.62534 2.52873 2.49734 2.4762 2.46241 2.44473 2.42686 2.41173 2.3762 2.28449 2.37341 2.35868 2.37423 2.30422 2.34101 2.328 
3 2.28571 1.81818 1.97727 2.25 2.6117 2.68399 2.74574 2.76939 2.85081 2.91901 2.91165 2.92984 2.95217 2.94787 2.89657 2.80736 2.69943 2.64126 2.50058 2.63816 2.53569 2.50195 2.47713 2.45398 2.43068 2.41926 2.40575 2.37811 2.28388 2.38974 2.3434 2.36493 2.3238 2.36474 2.33698 
3 2.28571 2.36 2.35135 2.46961 2.66038 2.68587 2.74388 2.80771 2.86147 2.90435 2.92304 2.93116 2.96332 2.95854 2.91444 2.81381 2.72142 2.66556 2.51737 2.65004 2.54597 2.51206 2.4817 2.45767 2.43805 2.41812 2.41017 2.38039 2.2848 2.38623 2.36031 2.37035 2.32926 2.33863 2.34488 
3 2.28571 2.30769 2.55405 2.2602 2.62032 2.71196 2.73191 2.78541 2.84106 2.90552 2.90527 2.92293 2.96106 2.9076 2.88151 2.80007 2.68887 2.6453 2.50799 2.63146 2.53948 2.51504 2.48143 2.45111 2.39011 2.40853 2.40827 2.36798 2.275 2.37256 2.3554 2.32124 2.30663 2.35866 2.34939 
3 2 2.22222 2.38356 2.47802 2.62703 2.6735 2.74349 2.79202 2.85242 2.91169 2.91495 2.93602 2.9494 2.95428 2.91203 2.83619 2.71997 2.66532 2.52622 2.66145 2.56063 2.52687 2.49785 2.46732 2.41922 2.43247 2.39851 2.398 2.30469 2.39372 2.3778 2.4185 2.33581 2.35673 2.35311 
3 2.28571 3.26923 2.33333 2.46111 2.58221 2.60929 2.70282 2.73734 2.77749 2.83377 2.84641 2.85007 2.86418 2.84956 2.81055 2.74241 2.65928 2.61812 2.48817 2.62544 2.53329 2.51942 2.47965 2.4529 2.43614 2.40715 2.41514 2.38747 2.28243 2.38387 2.35114 2.39308 2.33023 2.38273 2.40708 
3 2.28571 2.26923 2.57534 2.34392 2.58995 2.65984 2.70266 2.74359 2.79647 2.85534 2.86423 2.87774 2.89213 2.89519 2.83608 2.76353 2.64744 2.61417 2.47869 2.602 2.52451 2.49057 2.4738 2.45151 2.43748 2.41703 2.41632 2.37779 2.29381 2.37391 2.34234 2.38349 2.32056 2.37187 2.35097 
3 1.28571 1.69444 2.20988 2.34872 2.58933 2.63784 2.73373 2.78194 2.85395 2.89769 2.90646 2.91149 2.908 2.90544 2.84327 2.7666 2.68825 2.63701 2.49854 2.6379 2.53809 2.50752 2.4788 2.46478 2.43773 2.4065 2.3989 2.37957 2.30318 2.39338 2.39521 2.42657 2.41088 2.4104 2.37421 
3 2.28571 2.30769 2.41667 2.54696 2.55882 2.59401 2.68769 2.73935 2.78098 2.83536 2.84453 2.86021 2.8849 2.8857 2.85105 2.75931 2.66556 2.62099 2.47513 2.61717 2.52126 2.49243 2.47529 2.46984 2.4386 2.41633 2.40877 2.38404 2.29613 2.40603 2.36522 2.38191 2.33176 2.37424 2.35972 
3 3.57143 2.5 2.41558 2.40741 2.60212 2.68213 2.708 2.76375 2.80461 2.86451 2.86855 2.86891 2.89786 2.90298 2.85998 2.77486 2.67636 2.6272 2.48526 2.61702 2.52281 2.4847 2.47336 2.44874 2.43081 2.41283 2.41419 2.37165 2.28796 2.38214 2.3482 2.3755 2.32899 2.3768 2.37853 
3 2.28571 2.26923 2.58333 2.34392 2.65676 2.68544 2.7262 2.78654 2.83804 2.90199 2.90734 2.92061 2.96331 2.94102 2.88374 2.79336 2.68703 2.6338 2.50788 2.64054 2.54572 2.51529 2.5067 2.49123 2.41996 2.43053 2.38711 2.38673 2.32603 2.39799 2.36681 2.40822 2.33037 2.3834 2.37263 
3 2.28571 2.22222 2.63291 2.42289 2.61979 2.70902 2.7354 2.78471 2.83777 2.88389 2.91044 2.92348 2.93353 2.9403 2.89782 2.82371 2.72139 2.66378 2.52216 2.67085 2.56972 2.53808 2.50032 2.47316 2.45463 2.42973 2.43769 2.38603 2.3182 2.39424 2.42024 2.44949 2.41006 2.47068 2.48934 
3 2.28571 2.26923 2.25974 2.44809 2.59091 2.64335 2.69504 2.7284 2.78057 2.83779 2.84545 2.86145 2.87671 2.85529 2.83211 2.75597 2.65 2.62106 2.48471 2.61482 2.52401 2.50173 2.48097 2.46123 2.43768 2.42264 2.42303 2.4303 2.3304 2.39598 2.39638 2.43264 2.36926 2.43004 2.46034 
3 2.28571 2.26923 2.36486 2.35979 2.63342 2.674 2.70549 2.75815 2.8026 2.83923 2.85471 2.86409 2.89109 2.88519 2.84956 2.77388 2.67433 2.62494 2.49705 2.62905 2.52854 2.50186 2.47098 2.45293 2.44401 2.41959 2.41401 2.39248 2.27841 2.38601 2.36009 2.38671 2.31639 2.37055 2.359 
3 2.57143 2.26923 2.28571 2.42703 2.61662 2.62366 2.73887 2.79383 2.83212 2.88683 2.88309 2.89529 2.92135 2.91458 2.87342 2.78119 2.69673 2.63824 2.49254 2.6349 2.55233 2.51474 2.48688 2.46158 2.43456 2.41401 2.415 2.38705 2.28331 2.37204 2.3596 2.38195 2.33149 2.37286 2.3656 
3 2 2.26923 2.45946 2.47059 2.6366 2.72801 2.71791 2.78389 2.83665 2.9093 2.92145 2.93881 2.9837 2.9844 2.85265 2.80959 2.75535 2.70149 2.5723 2.711 2.61415 2.59962 2.53042 2.57233 2.5148 2.52312 2.4823 2.46178 2.37951 2.45723 2.47462 2.41749 2.40716 2.42943 2.44299 
5 2.28571 2.26923 2.43056 2.43956 2.62803 2.6941 2.71974 2.79158 2.82248 2.85171 2.85147 2.85278 2.87488 2.88696 2.84496 2.76064 2.66501 2.61627 2.47362 2.61227 2.52649 2.49218 2.47769 2.45658 2.43494 2.42343 2.40811 2.38059 2.27765 2.37272 2.34985 2.383 2.30874 2.35186 2.32884 
3 2.28571 2.36 2.36842 2.38919 2.59309 2.6694 2.72391 2.78952 2.81329 2.86503 2.87828 2.88779 2.91072 2.90655 2.84102 2.77899 2.67155 2.637 2.53138 2.56778 2.53793 2.51784 2.46777 2.47088 2.44843 2.41988 2.40419 2.40813 2.30862 2.42497 2.40052 2.45303 2.33214 2.33572 2.32967 
3 2.57143 2.26923 2.32 2.35638 2.5478 2.59787 2.73739 2.78587 2.82935 2.90531 2.87824 2.88778 2.8965 2.86548 2.86212 2.77182 2.68736 2.61897 2.49672 2.62532 2.52813 2.48885 2.47686 2.45203 2.42552 2.41217 2.40493 2.37152 2.27746 2.36685 2.33588 2.35628 2.29948 2.33454 2.3294 
3 2.28571 2.14286 2.43056 2.44809 2.64054 2.68033 2.74611 2.79735 2.8048 2.90418 2.90024 2.91788 2.94982 2.95327 2.90362 2.8075 2.70812 2.66011 2.52241 2.61221 2.56003 2.5199 2.50052 2.47468 2.45335 2.44985 2.41305 2.41173 2.31475 2.45011 2.42178 2.46863 2.38803 2.45611 2.45643 
3 2.57143 2.36 2.39189 2.44199 2.54881 2.64238 2.77232 2.75105 2.81986 2.86382 2.87073 2.88179 2.9006 2.89105 2.83141 2.75676 2.66522 2.60316 2.48544 2.6361 2.4956 2.50522 2.44897 2.45328 2.39094 2.4174 2.41944 2.3954 2.28317 2.31273 2.34152 2.3676 2.32124 2.40461 2.33653 
3 1.3125 1.93548 2.35135 2.40761 2.592 2.64578 2.68922 2.71883 2.77778 2.82948 2.85352 2.86267 2.88611 2.88457 2.82929 2.7594 2.67154 2.60622 2.4762 2.62061 2.49392 2.50175 2.48426 2.4453 2.41911 2.41228 2.37749 2.34686 2.27419 2.36711 2.33732 2.34952 2.30352 2.34624 2.34606 
3 2.28571 2.65385 2.31579 2.45604 2.62703 2.40049 2.71502 2.79022 2.86412 2.90349 2.9374 2.90311 2.91159 2.91922 2.88034 2.8051 2.69109 2.64294 2.50231 2.63315 2.53547 2.50861 2.47641 2.4522 2.42237 2.4297 2.42136 2.37555 2.30468 2.41175 2.39985 2.41431 2.37714 2.40447 2.41754 
2 3.42857 2.36 2.33784 2.44505 2.58221 2.50847 2.69866 2.74903 2.78544 2.83087 2.8299 2.85302 2.86702 2.86616 2.82522 2.75638 2.67074 2.6224 2.49391 2.63234 2.53658 2.51529 2.4891 2.46131 2.43416 2.41759 2.41265 2.38822 2.30626 2.40483 2.41015 2.4411 2.3932 2.4791 2.46768 
3 3.57143 2.33333 2.41667 2.41989 2.54933 2.64986 2.72247 2.75387 2.78149 2.84054 2.85676 2.86196 2.89109 2.89718 2.84637 2.76727 2.65973 2.60307 2.48077 2.61273 2.51765 2.50068 2.47312 2.45307 2.43087 2.41408 2.40616 2.37268 2.28403 2.40424 2.35748 2.41427 2.36587 2.43826 2.37247 
3 2.28571 2.4 2.35135 2.44262 2.61765 2.64276 2.73719 2.79441 2.86881 2.90802 2.91003 2.92411 2.95349 2.9431 2.89574 2.80496 2.70374 2.65683 2.50838 2.65541 2.55545 2.53208 2.50266 2.47914 2.45831 2.42947 2.41785 2.43242 2.302 2.38581 2.3855 2.39342 2.35478 2.45119 2.42718 
3 2.28571 2.34615 2.35135 2.42935 2.59416 2.6825 2.75111 2.77279 2.81188 2.85197 2.86541 2.87626 2.88842 2.87819 2.84434 2.75473 2.65548 2.62082 2.49401 2.63094 2.53225 2.50262 2.486 2.46644 2.40624 2.43485 2.39596 2.3563 2.27525 2.38137 2.36102 2.40615 2.34323 2.42274 2.39421 
3 2.28571 2.48 2.40278 2.45304 2.58621 2.70532 2.77066 2.80911 2.84137 2.93959 2.89121 2.91318 2.93357 2.93283 2.9044 2.79586 2.68267 2.62184 2.48205 2.61684 2.53528 2.50629 2.49381 2.42233 2.45595 2.40409 2.40677 2.38054 2.29839 2.40818 2.42174 2.40537 2.38088 2.40578 2.47014 
3 1.6 2.26923 2.45333 2.40217 2.64785 2.68844 2.88379 2.78988 2.84122 2.90349 2.90378 2.94768 2.9624 2.98047 2.93827 2.90591 2.76654 2.73152 2.59828 2.72416 2.64021 2.58076 2.55611 2.52392 2.51279 2.47541 2.47743 2.45202 2.36933 2.49183 2.44602 2.49045 2.466 2.48537 2.52782 
7 3.71429 2.30769 2.38356 2.19212 2.5544 2.66892 2.74797 2.75607 2.81887 2.89797 2.91394 2.92855 2.94356 2.92673 2.74037 2.81195 2.69223 2.58384 2.49693 2.66067 2.55301 2.51754 2.471 2.53589 2.44349 2.40352 2.42854 2.38977 2.28659 2.38514 2.35889 2.35789 2.38894 2.43849 2.36774 
3 2.85714 2.30769 2.35135 2.44809 2.60106 2.71995 2.75536 2.80411 2.84778 2.89977 2.88922 2.92387 2.89743 2.94956 2.84207 2.77352 2.66993 2.6405 2.50347 2.64894 2.51578 2.52084 2.47868 2.46587 2.43785 2.42859 2.43295 2.39802 2.30996 2.43052 2.36907 2.42752 2.41632 2.42803 2.49263 
3 2.28571 2.75 2.32 2.43158 2.51429 2.61446 2.70717 2.8018 2.85637 2.89455 2.91809 2.94925 2.98532 2.97006 2.92137 2.84474 2.76261 2.7154 2.56582 2.74879 2.70496 2.62127 2.59774 2.50904 2.54124 2.52432 2.51269 2.49703 2.39463 2.51098 2.48878 2.54474 2.46949 2.51974 2.49564 
3 3.85714 2.26923 2.35135 2.38503 2.6123 2.67852 2.73669 2.80352 2.85373 2.91843 2.92274 2.94968 2.98142 2.93712 2.89395 2.81342 2.70502 2.69539 2.51487 2.64885 2.52566 2.50681 2.49544 2.48512 2.46222 2.43747 2.44484 2.46333 2.41795 2.55866 2.53158 2.55806 2.50609 2.53259 2.541 
3 2.28571 2.36 2.35135 2.53591 2.47074 2.71644 2.77811 2.81873 2.87614 2.92265 2.91588 2.94375 2.97662 2.95871 2.90315 2.81731 2.71637 2.65892 2.5108 2.64669 2.55354 2.52438 2.50693 2.48461 2.44227 2.43573 2.5106 2.42663 2.34083 2.45504 2.49388 2.51709 2.43134 2.49053 2.51684 
3 3 2.69231 2.41667 2.45355 2.61333 2.67852 2.74126 2.80043 2.84895 2.90805 2.92302 2.94308 2.99602 2.97755 2.93908 2.8468 2.7454 2.67736 2.53806 2.66867 2.55287 2.53766 2.50474 2.47242 2.45356 2.48513 2.45017 2.42274 2.32555 2.44093 2.43554 2.48102 2.4397 2.47311 2.44112 
3 2.28571 2.30769 2.175 2.52717 2.56959 2.69771 2.7449 2.74917 2.83729 2.87846 2.87753 2.87862 2.9098 2.91844 2.8545 2.74559 2.64769 2.60543 2.50198 2.63499 2.54172 2.49845 2.4779 2.46695 2.43798 2.43495 2.43748 2.40705 2.32928 2.43277 2.44371 2.44686 2.45608 2.47401 2.52431 
3 1.06667 2.38462 2.28049 2.20398 2.65426 2.64411 2.73774 2.78602 2.83962 2.89319 2.91602 2.93146 2.96272 2.93476 2.90561 2.81219 2.70256 2.64492 2.51069 2.64562 2.559 2.52997 2.51585 2.50058 2.48687 2.47668 2.48431 2.45152 2.36638 2.48176 2.50116 2.54766 2.48115 2.48262 2.4539 
3 2.28571 2.36 2.41667 2.45856 2.63881 2.65807 2.75744 2.80627 2.83407 2.89153 2.89269 2.89693 2.91619 2.91441 2.86344 2.78483 2.68185 2.62583 2.4857 2.62217 2.53084 2.50065 2.48401 2.4607 2.44736 2.43905 2.4346 2.40006 2.32518 2.42229 2.40232 2.45625 2.38788 2.44852 2.44318 
3 2.28571 1.90323 2.35135 2.46111 2.58511 2.67945 2.73735 2.78728 2.83035 2.88829 2.89363 2.90619 2.92702 2.91022 2.87381 2.78441 2.69949 2.65602 2.5021 2.63927 2.54014 2.48949 2.49934 2.45592 2.44002 2.40526 2.42408 2.42381 2.31265 2.42994 2.39961 2.44967 2.40234 2.43021 2.41212 
3 2.42857 3 2.27174 2.33838 2.51358 2.67568 2.7248 2.74651 2.76962 2.86648 2.86076 2.84922 2.86604 2.86627 2.82741 2.72446 2.66896 2.61931 2.47591 2.62217 2.53358 2.50656 2.484 2.40175 2.41968 2.40758 2.37697 2.37751 2.28489 2.39172 2.37163 2.40633 2.35976 2.411 2.40085 
3 2.28571 2.36 2.48611 2.42857 2.625 2.66711 2.78635 2.78767 2.84052 2.89656 2.88567 2.8948 2.90306 2.92556 2.85925 2.76319 2.65408 2.61363 2.49362 2.62097 2.5371 2.50107 2.47665 2.46346 2.43938 2.4261 2.37711 2.42482 2.32985 2.42429 2.38506 2.41819 2.34526 2.43254 2.42587 
3 2.28571 2.30769 2.55263 2.48352 2.61995 2.70839 2.76488 2.79915 2.83913 2.87108 2.89411 2.93194 2.96518 2.95145 2.90853 2.8078 2.72529 2.6675 2.51814 2.66111 2.56547 2.51709 2.48961 2.47414 2.46428 2.44173 2.43888 2.39969 2.33197 2.40438 2.39534 2.41181 2.36233 2.42354 2.40466 
3 2.28571 1.68571 2.41667 2.23902 2.592 2.65986 2.70918 2.79303 2.85127 2.89949 2.89311 2.9169 2.91731 2.9091 2.85457 2.7756 2.67716 2.62479 2.48434 2.62776 2.54332 2.5132 2.48743 2.45948 2.44876 2.42359 2.42145 2.4074 2.29798 2.39465 2.37172 2.42227 2.38458 2.42292 2.39933 
3 2.28571 2.36 2.33784 2.38919 2.60916 2.66211 2.71078 2.75322 2.78494 2.84516 2.85105 2.86699 2.88261 2.88574 2.84482 2.77791 2.67371 2.62384 2.48792 2.63051 2.5419 2.51248 2.48433 2.46246 2.43506 2.42898 2.41259 2.38159 2.36082 2.55051 2.50624 2.49337 2.44009 2.50085 2.47476 
2 3.5 2.30769 2.36486 2.43956 2.59151 2.63392 2.74182 2.80422 2.84459 2.89051 2.90108 2.91633 2.91715 2.91804 2.86033 2.78621 2.68603 2.63457 2.50359 2.63695 2.54573 2.51553 2.49474 2.47159 2.45293 2.4266 2.41909 2.39623 2.291 2.40181 2.36411 2.42746 2.3778 2.41266 2.39821 
3 2.28571 2.34615 2.43056 2.385 2.60367 2.63038 2.72279 2.73893 2.82447 2.85491 2.85168 2.87122 2.90159 2.89602 2.82988 2.75318 2.66129 2.61063 2.47057 2.61955 2.52946 2.50126 2.48765 2.45865 2.44167 2.42419 2.42286 2.38845 2.29555 2.39052 2.4022 2.43452 2.36026 2.40496 2.40169 
3 2.28571 2.4 2.35135 2.36364 2.61725 2.66895 2.73051 2.7668 2.8158 2.88116 2.87973 2.88731 2.89747 2.88782 2.84652 2.76785 2.68008 2.63223 2.49621 2.62544 2.53176 2.50459 2.47348 2.45511 2.44053 2.41426 2.41581 2.38391 2.29683 2.38731 2.40617 2.42918 2.34047 2.38802 2.36838 
3 2.28571 2.30769 2.2125 2.46961 2.63957 2.67353 2.7322 2.78611 2.84472 2.89395 2.91547 2.92235 2.93995 2.93982 2.88589 2.78961 2.69679 2.65256 2.51202 2.64807 2.55036 2.51911 2.49507 2.46777 2.45359 2.42348 2.42033 2.38776 2.32267 2.40803 2.40174 2.4049 2.38665 2.40062 2.41721 
3 2.28571 2.26923 2.38961 2.38614 2.64721 2.67838 2.74444 2.79932 2.84769 2.90806 2.91884 2.94498 2.94978 2.97397 2.93313 2.85097 2.76139 2.71695 2.57452 2.71494 2.61849 2.58688 2.57205 2.55734 2.52868 2.50519 2.50435 2.48032 2.39109 2.4755 2.45682 2.48584 2.44138 2.46833 2.47206 
3 2.28571 2.36 2.22222 2.29534 2.52368 2.63711 2.67673 2.73169 2.7783 2.8349 2.84751 2.85095 2.87331 2.88365 2.83825 2.76449 2.6677 2.61377 2.49385 2.62815 2.52127 2.49762 2.48952 2.47614 2.45489 2.43889 2.46694 2.44422 2.36364 2.46167 2.42036 2.46165 2.45873 2.41545 2.45519 
