2 2.14286 2.22222 2.36486 2.48 2.08565 2.66986 2.76057 2.85342 2.86936 2.93958 2.9531 3.00621 3.00793 3.01102 2.95119 2.87616 2.7752 2.71809 2.57257 2.69702 2.62404 2.53027 2.53524 2.50699 2.48991 2.48164 2.50026 2.44763 2.35373 2.47742 2.46208 2.50123 2.45174 2.50288 2.50903 
3 2.28571 2.22222 2.36486 2.49425 2.55291 2.70417 2.75246 2.84971 2.8537 2.89327 2.93042 2.95152 2.94904 2.94482 2.8964 2.79887 2.70275 2.65387 2.51445 2.65965 2.56116 2.5316 2.50339 2.47392 2.45413 2.44988 2.43956 2.42624 2.35874 2.44494 2.42915 2.50993 2.49106 2.54656 2.50517 
3 2.28571 2.22222 2.52055 2.41989 2.53947 2.71071 2.73479 2.82386 2.83472 2.89319 2.89494 2.95442 2.93358 2.94905 2.88682 2.78306 2.69346 2.65159 2.41305 2.65521 2.56622 2.52219 2.50064 2.47796 2.43069 2.41271 2.40857 2.38216 2.28863 2.37943 2.35302 2.36521 2.32551 2.36123 2.34508 
3 2.14286 2.30769 2.43056 2.35519 2.65608 2.76177 2.81674 2.8756 2.87395 2.92928 2.94231 2.97795 3.01573 2.93624 2.93969 2.81597 2.72913 2.69963 2.51604 2.64986 2.55434 2.52829 2.49811 2.47188 2.45893 2.43455 2.42489 2.38718 2.29478 2.38432 2.34729 2.36708 2.30788 2.35246 2.41263 
2 2.28571 2.22222 2.2 2.47222 2.55584 2.71409 2.7676 2.85689 2.84549 2.86823 2.91572 2.90374 2.92047 2.91788 2.85709 2.77469 2.68259 2.63941 2.50061 2.63585 2.54109 2.51203 2.4975 2.46519 2.43989 2.42245 2.41156 2.37557 2.27936 2.36701 2.33806 2.35948 2.30929 2.35034 2.3846 
2 2.14286 1.84848 2.33333 2.50857 2.57407 2.70932 2.7728 2.85689 2.86495 2.88957 2.91767 2.94613 2.93635 2.92371 2.88908 2.797 2.69265 2.64044 2.50389 2.64054 2.54458 2.50839 2.48207 2.45849 2.43496 2.42026 2.40696 2.38012 2.27771 2.37379 2.33935 2.3512 2.30253 2.34742 2.31771 
2 2.14286 2.30769 2.37838 2.45143 2.25476 2.65698 2.7635 2.76601 2.7902 2.82663 2.85502 2.88416 2.89106 2.89424 2.8629 2.76325 2.66891 2.62423 2.49151 2.62777 2.54021 2.50184 2.48338 2.46477 2.43869 2.42085 2.405 2.36975 2.27661 2.36336 2.33604 2.35827 2.3 2.33355 2.34276 
2 2.28571 2.25926 2.37838 2.44633 2.55118 2.67586 2.75227 2.82967 2.81891 2.8729 2.91927 2.96174 2.97943 2.95733 2.93129 2.81538 2.72112 2.67589 2.52714 2.66528 2.57266 2.53419 2.50872 2.48618 2.46043 2.4357 2.42286 2.39138 2.28738 2.3723 2.33894 2.4138 2.30811 2.34253 2.34737 
3 2.14286 2.22222 2.42667 2.48 2.5409 2.69252 2.77871 2.84009 2.84543 2.88526 2.9067 2.9166 2.92015 2.9217 2.89049 2.78662 2.69747 2.64959 2.50983 2.64429 2.5512 2.51832 2.49114 2.47627 2.44727 2.42753 2.41698 2.38483 2.27299 2.3761 2.38923 2.37846 2.31522 2.3631 2.34349 
3 2.6 2.22222 2.1875 2.42222 2.57029 2.72222 2.77228 2.83841 2.84919 2.89809 2.971 2.95387 2.96592 2.95663 2.92224 2.80868 2.69947 2.65992 2.5295 2.66525 2.53939 2.5253 2.49715 2.48428 2.44472 2.44371 2.40694 2.38381 2.27384 2.36042 2.34975 2.36875 2.31355 2.34938 2.35788 
2 2.28571 2.25926 2.41096 2.41209 2.57937 2.69848 2.75227 2.84456 2.85845 2.89504 2.92962 2.96735 2.9763 2.96936 2.94146 2.83496 2.72887 2.67854 2.52616 2.65651 2.55925 2.44466 2.50242 2.4378 2.44778 2.41634 2.42352 2.38674 2.28534 2.39306 2.4421 2.47558 2.46036 2.60215 2.55103 
2 2.14286 2.30769 2.44444 2.48276 2.55145 2.69861 2.7766 2.85146 2.85876 2.89674 2.92738 2.95465 2.95711 2.9586 2.92107 2.81722 2.7084 2.64589 2.50923 2.65033 2.55385 2.48541 2.47537 2.4124 2.42104 2.42333 2.39742 2.3651 2.27471 2.36686 2.3451 2.36048 2.30641 2.35974 2.34944 
2 2.14286 2.22222 2.34667 2.47126 2.56499 2.69668 2.75643 2.85519 2.86555 2.87303 2.91197 2.91999 2.94169 2.93339 2.87799 2.77909 2.68374 2.63708 2.5026 2.64465 2.55434 2.50886 2.48285 2.45653 2.43242 2.397 2.39397 2.3542 2.25693 2.33677 2.31665 2.33925 2.27937 2.31246 2.32049 
2 2.14286 2.30769 2.36486 2.47126 2.55556 2.66942 2.77854 2.82907 2.85729 2.89226 2.93345 2.96184 2.9664 2.95314 2.92003 2.81956 2.71708 2.66358 2.52619 2.6677 2.56577 2.52644 2.49191 2.47663 2.45442 2.4287 2.41205 2.37383 2.27556 2.36473 2.34241 2.37045 2.31218 2.35228 2.33533 
3 2.14286 2.22222 2.52 2.32796 2.54047 2.69571 2.75378 2.81961 2.85486 2.88611 2.91659 2.93887 2.94863 2.93182 2.88865 2.80481 2.69728 2.64639 2.50138 2.64608 2.55442 2.51129 2.48341 2.46097 2.42769 2.41384 2.41161 2.38292 2.28794 2.3749 2.34151 2.35618 2.30317 2.3385 2.3208 
2 2.14286 2.34615 2.44444 2.48 2.57825 2.72778 2.73068 2.82451 2.82821 2.84485 2.87982 2.90388 2.87783 2.87828 2.85131 2.74957 2.67509 2.61942 2.47979 2.63266 2.53306 2.5027 2.47719 2.46115 2.43637 2.4174 2.40848 2.3658 2.28397 2.37574 2.34029 2.36266 2.30936 2.33886 2.41974 
2 2.5 2.25926 2.40541 2.59429 2.51157 2.72462 2.75643 2.83224 2.85778 2.89212 2.93168 2.96757 2.9681 2.97862 2.94301 2.83383 2.73028 2.66965 2.52998 2.66661 2.5693 2.53446 2.49822 2.47827 2.44914 2.45433 2.43456 2.33836 2.28943 2.37555 2.35926 2.38535 2.341 2.3986 2.3306 
2 2.28571 2.25926 1.92391 2.34426 2.67098 2.6662 2.73121 2.79082 2.78958 2.82761 2.84872 2.89014 2.89048 2.88678 2.85302 2.7466 2.66361 2.62936 2.49921 2.63404 2.54862 2.51195 2.48485 2.45547 2.41648 2.41678 2.40228 2.36982 2.2736 2.3701 2.37226 2.37522 2.31732 2.34936 2.34131 
2 2.14286 2.25926 2.39189 2.45714 2.60156 2.73333 2.75888 2.86887 2.86462 2.89566 2.92412 2.95801 2.96014 2.95778 2.90951 2.82565 2.71603 2.6709 2.52244 2.65851 2.55839 2.53221 2.50272 2.48021 2.46003 2.42884 2.42563 2.40322 2.29666 2.37668 2.34783 2.35564 2.3333 2.37481 2.44046 
3 2.14286 2.53846 2.43243 2.50575 2.58005 2.73961 2.83473 2.88604 2.87585 2.90882 2.94491 2.97613 2.97245 2.9767 2.92492 2.82567 2.71991 2.68253 2.52963 2.6666 2.56443 2.52591 2.49913 2.47585 2.44958 2.43098 2.42444 2.3694 2.29945 2.39657 2.36517 2.38534 2.38284 2.41528 2.44627 
3 2.28571 2.17241 2.38667 2.48571 2.53316 2.65508 2.70941 2.77851 2.78862 2.82312 2.84543 2.8833 2.89399 2.90135 2.85704 2.75721 2.68201 2.62228 2.47169 2.62654 2.52464 2.49353 2.47748 2.46261 2.43798 2.41353 2.4062 2.37026 2.28324 2.36356 2.36578 2.41608 2.34372 2.40455 2.34298 
3 2.57143 2.44444 2.41096 2.48 2.50258 2.66164 2.71121 2.84327 2.85025 2.8821 2.92699 2.95679 2.98281 2.95652 2.93956 2.84014 2.71903 2.66684 2.51941 2.65746 2.57306 2.52257 2.50389 2.49795 2.4802 2.43178 2.42037 2.4001 2.29705 2.39063 2.37574 2.40656 2.32212 2.37483 2.39041 
2 2.14286 2.55556 2.25 2.64865 2.64615 2.73549 2.71277 2.86847 2.83877 2.89519 2.90136 2.87714 2.94038 2.91027 2.85959 2.78431 2.68408 2.6412 2.47764 2.6364 2.51245 2.49094 2.48004 2.45455 2.43169 2.41895 2.40553 2.38106 2.27483 2.36924 2.35668 2.37204 2.30677 2.36289 2.41333 
2 2.85714 2.44444 2.34667 2.33871 2.56349 2.72879 2.77567 2.84104 2.8652 2.87318 2.89664 2.93009 2.97678 2.97648 2.92918 2.82162 2.71773 2.66636 2.52719 2.66115 2.56536 2.51882 2.50127 2.46907 2.44739 2.40283 2.43609 2.38572 2.30512 2.37994 2.36109 2.37575 2.33856 2.39192 2.40733 
2 2.28571 2.22222 2.33333 2.41848 2.55937 2.6612 2.77314 2.85059 2.8179 2.88372 2.9247 2.96545 2.98167 2.98811 2.91776 2.76048 2.68774 2.68272 2.55744 2.66979 2.5956 2.52137 2.50312 2.48987 2.46047 2.43395 2.42282 2.39411 2.29972 2.40723 2.39665 2.3956 2.29495 2.34544 2.3303 
2 2.14286 2.30769 2.47297 2.47126 2.59524 2.6708 2.75661 2.8504 2.90005 2.88889 2.94048 2.95874 2.96005 2.9916 2.97285 2.865 2.81828 2.73064 2.58971 2.6677 2.64839 2.61363 2.59547 2.54847 2.52262 2.54322 2.50912 2.48245 2.37859 2.48435 2.45407 2.48464 2.44705 2.48401 2.48037 
2 2.14286 2.22222 2.43056 2.42938 2.55291 2.73992 2.78403 2.85393 2.85669 2.89806 2.92967 2.95625 2.94887 2.97898 2.89469 2.79415 2.68333 2.64939 2.51875 2.64307 2.54669 2.50556 2.4903 2.47238 2.4407 2.40701 2.41299 2.3929 2.28783 2.37556 2.33826 2.36504 2.31235 2.33783 2.32061 
2 2.14286 2.22222 2.36486 2.59016 2.56349 2.72083 2.77702 2.85557 2.85921 2.89423 2.9302 2.9737 2.97293 2.96937 2.92545 2.8396 2.72307 2.68089 2.54059 2.59306 2.59004 2.54136 2.45789 2.45638 2.43584 2.44719 2.43106 2.37683 2.29407 2.36351 2.33891 2.3663 2.33326 2.35117 2.33384 
3 2.14286 2.25926 2.36486 2.48 2.57407 2.71488 2.77145 2.8555 2.85433 2.87288 2.90099 2.92103 2.91253 2.91371 2.87863 2.77517 2.69005 2.63988 2.50496 2.62294 2.54773 2.51494 2.4816 2.45637 2.4421 2.42609 2.41916 2.38549 2.28975 2.37605 2.35625 2.3767 2.29602 2.33853 2.31826 
3 2.28571 2.22222 2.41892 2.37989 2.45596 2.62881 2.70197 2.78376 2.785 2.82102 2.84674 2.87422 2.85977 2.88218 2.84576 2.75049 2.67417 2.63214 2.49386 2.60205 2.51964 2.51195 2.44821 2.47642 2.44739 2.43398 2.39069 2.37076 2.28672 2.34372 2.32037 2.3672 2.30561 2.34363 2.34157 
3 3.14286 1.875 2.36486 2.38889 2.56233 2.64402 2.71812 2.86275 2.85512 2.89083 2.90734 2.93853 2.94788 2.9312 2.88184 2.79335 2.68393 2.64357 2.50442 2.64949 2.55226 2.51016 2.4932 2.46455 2.4471 2.43618 2.39391 2.38174 2.28989 2.39016 2.31623 2.37567 2.31139 2.357 2.33911 
2 2.14286 2.30769 2.46053 2.46591 2.53947 2.69903 2.76555 2.80831 2.85208 2.90193 2.93825 2.96601 2.97522 2.98591 2.93654 2.83415 2.71954 2.66557 2.52817 2.66635 2.55999 2.52737 2.49704 2.48538 2.45468 2.42488 2.42313 2.38726 2.28563 2.38003 2.35524 2.37895 2.32339 2.36416 2.35435 
2 2.14286 2.30769 2.09524 2.55682 2.60317 2.65007 2.79893 2.84707 2.85692 2.89199 2.93615 2.97336 2.96883 2.976 2.92571 2.85208 2.7113 2.68003 2.53773 2.66714 2.56663 2.54158 2.51469 2.45967 2.47838 2.43917 2.42291 2.39287 2.28636 2.38 2.35066 2.37765 2.31852 2.34624 2.32449 
2 2.28571 2.22222 2.43056 2.47126 2.54354 2.70954 2.76288 2.85097 2.85617 2.90221 2.9296 2.9634 2.98964 2.97897 2.9373 2.81837 2.71553 2.67433 2.53103 2.65745 2.5588 2.50461 2.50914 2.46648 2.45523 2.43756 2.4166 2.38551 2.28906 2.39031 2.33834 2.36263 2.48835 2.53358 2.50735 
2 2.57143 2.25926 2.44444 2.48295 2.56085 2.71766 2.77162 2.84368 2.86025 2.90108 2.92593 2.95459 2.92747 2.933 2.8837 2.78578 2.69471 2.64945 2.51563 2.65328 2.56126 2.5244 2.49682 2.46646 2.44486 2.42641 2.40804 2.3957 2.28347 2.36745 2.34471 2.37046 2.31845 2.35767 2.34369 
2 2.14286 2.25926 2.58333 2.48864 2.5756 2.63912 2.70522 2.78568 2.77181 2.81797 2.84637 2.8554 2.85573 2.87133 2.84889 2.75934 2.66953 2.6281 2.4872 2.63108 2.54041 2.49934 2.48838 2.46322 2.438 2.41906 2.40671 2.37036 2.28672 2.36308 2.34661 2.35506 2.30299 2.33964 2.33078 
3 2.14286 2.43902 2.75342 2.28856 2.5359 2.65915 2.70427 2.70914 2.81861 2.81712 2.8659 2.88707 2.88971 2.89895 2.8592 2.75844 2.67637 2.61794 2.47756 2.61932 2.52961 2.50305 2.47852 2.45379 2.43444 2.41445 2.41018 2.36988 2.27374 2.36104 2.33561 2.35668 2.30093 2.34543 2.32849 
2 1.25 2.40741 2.28395 2.31383 2.56021 2.70192 2.76292 2.85193 2.87342 2.90229 2.9374 2.96588 2.95019 2.97635 2.89702 2.81336 2.72529 2.64575 2.52375 2.66671 2.56499 2.52759 2.50283 2.47698 2.44768 2.42839 2.4191 2.38646 2.291 2.38805 2.34408 2.37189 2.31546 2.36389 2.33508 
3 2.71429 2.22222 2.36486 2.49143 2.58466 2.66803 2.77086 2.84023 2.85519 2.89198 2.93416 2.94388 2.96398 2.95812 2.92845 2.81381 2.73206 2.67599 2.54182 2.66003 2.56873 2.52644 2.51272 2.47959 2.44036 2.43152 2.42043 2.3914 2.28977 2.38101 2.36589 2.37275 2.3394 2.3678 2.37647 
2 1.33333 2.25926 2.30263 2.43503 2.55556 2.69903 2.75416 2.84169 2.85876 2.8969 2.92592 2.95211 2.94273 2.95185 2.90669 2.79098 2.70863 2.65324 2.50916 2.65095 2.55804 2.51436 2.48738 2.48071 2.44849 2.42294 2.4538 2.39698 2.29289 2.37889 2.35452 2.38188 2.33708 2.37079 2.35335 
2 2.28571 2.30769 2.45333 2.39779 2.48969 2.68741 2.75435 2.8348 2.85478 2.89177 2.93121 2.96963 2.9629 2.97057 2.93279 2.83384 2.72842 2.68109 2.5327 2.66068 2.58523 2.53872 2.49914 2.47505 2.45532 2.44108 2.42244 2.39852 2.30354 2.39279 2.36779 2.38888 2.3368 2.62944 2.62438 
2 2.14286 2.22222 2.41892 2.43429 2.52646 2.66759 2.72555 2.77632 2.80152 2.82782 2.86203 2.88817 2.88684 2.88151 2.85002 2.7659 2.67805 2.62941 2.47605 2.63567 2.53454 2.49827 2.48212 2.45884 2.44409 2.42175 2.40432 2.3802 2.27611 2.36738 2.35111 2.37036 2.32015 2.3551 2.35093 
2 2.14286 2.37037 2.43056 2.47126 2.52493 2.71468 2.76462 2.85784 2.85298 2.88198 2.90539 2.93132 2.94509 2.92745 2.87353 2.78765 2.6674 2.62278 2.49912 2.61287 2.53463 2.5014 2.48149 2.46361 2.4378 2.42658 2.40685 2.38222 2.27557 2.36847 2.33601 2.37309 2.40693 2.60255 2.5945 
3 2.14286 1.96875 2.32895 2.42135 2.50914 2.66483 2.74032 2.80396 2.80876 2.84269 2.86763 2.89317 2.89526 2.90552 2.87307 2.77133 2.67607 2.62707 2.4812 2.62765 2.53279 2.49708 2.47617 2.45105 2.42775 2.40854 2.40485 2.37414 2.27453 2.36217 2.3553 2.35018 2.30346 2.35216 2.33225 
2 2.57143 1.72222 2.28571 2.45714 2.56764 2.66118 2.76021 2.84111 2.85269 2.89416 2.92716 2.95656 2.95935 2.94891 2.91295 2.80296 2.69817 2.6534 2.505 2.65129 2.55853 2.51736 2.4902 2.49625 2.49286 2.47088 2.44934 2.41435 2.31339 2.40379 2.37777 2.38972 2.33169 2.37803 2.34866 
3 1.28571 2.25 2.21429 2.26316 2.50769 2.65847 2.74251 2.80426 2.83794 2.87636 2.93926 2.97367 2.98338 2.98385 2.93095 2.84509 2.73472 2.6768 2.53673 2.67718 2.58501 2.54334 2.51361 2.48664 2.45601 2.4439 2.42216 2.3871 2.29092 2.38559 2.35699 2.38432 2.31928 2.36016 2.34879 
2 3.14286 1.94118 2.13415 2.37912 2.51169 2.66575 2.73712 2.81882 2.81222 2.83887 2.86911 2.89021 2.89738 2.89345 2.81482 2.77744 2.68634 2.64161 2.50048 2.63845 2.54751 2.5083 2.47893 2.45838 2.43172 2.41937 2.40539 2.37933 2.28304 2.37234 2.34099 2.3775 2.31444 2.34315 2.41405 
2 2.14286 2.30769 2.33333 2.52299 2.56349 2.69848 2.769 2.85166 2.86307 2.88915 2.91676 2.94421 2.94714 2.9466 2.91725 2.81435 2.70767 2.65129 2.50395 2.64988 2.55238 2.51602 2.48729 2.47189 2.45417 2.42734 2.41623 2.3892 2.2808 2.39416 2.35698 2.37401 2.30955 2.36418 2.3343 
2 2.14286 2.44444 2.43056 2.46286 2.5288 2.57784 2.77045 2.84514 2.85381 2.89821 2.92228 2.95641 2.93849 2.93961 2.89593 2.78553 2.69758 2.64585 2.50738 2.64923 2.54914 2.50986 2.48401 2.46744 2.4458 2.43016 2.41847 2.38538 2.2821 2.3729 2.35196 2.36016 2.31536 2.35621 2.34074 
5 2.14286 2.25926 2.33333 2.40884 2.5409 2.70376 2.7711 2.84636 2.85894 2.8806 2.92494 2.95669 2.95875 2.97948 2.92022 2.8428 2.73424 2.68551 2.53462 2.66898 2.56968 2.53513 2.50648 2.47733 2.45078 2.43313 2.43128 2.39915 2.29528 2.38622 2.35339 2.3811 2.31787 2.34964 2.32973 
